-0.159729 
-0.186315 
-0.392370 
-0.014564 
0.592345 
0.388203 
0.136994 
-0.183472 
-0.221012 
0.059645 
-0.081019 
0.247391 
0.029160 
0.259828 
0.162468 
-0.086864 
0.020238 
0.212954 
0.089199 
-0.109436 
-0.108433 
0.328918 
0.257306 
0.559288 
-0.145920 
-0.029837 
0.138413 
0.019839 
-0.054115 
0.161188 
0.133761 
0.157106 
0.277620 
-0.031915 
0.100680 
0.373041 
-0.246309 
-0.078332 
0.024034 
-0.111702 
-0.078788 
-0.170161 
-0.055633 
-0.079189 
-0.140017 
0.103074 
0.244001 
0.436466 
-0.299972 
0.233240 
0.108700 
-0.008819 
-0.016815 
0.109061 
0.312332 
0.132129 
0.149530 
0.042047 
0.036739 
-0.067385 
-0.128848 
0.026894 
0.173823 
0.117290 
0.092606 
0.244571 
-0.074289 
0.165785 
0.127528 
0.015979 
0.065033 
0.535553 
0.033375 
0.037316 
0.060003 
-0.337765 
-0.060406 
-0.139485 
-0.179093 
-0.190722 
-0.016369 
0.114685 
0.135139 
0.177219 
0.036087 
-0.159809 
0.102691 
0.400472 
0.125018 
0.187917 
0.164648 
0.260828 
0.107066 
-0.047206 
0.283706 
0.113312 
0.194929 
-0.122891 
0.137385 
0.437402 
0.238164 
0.149542 
0.415639 
0.347700 
0.099941 
0.434424 
-0.153088 
0.250847 
0.321018 
-0.218041 
-0.144084 
0.064437 
-0.226901 
0.012069 
0.079881 
0.036617 
0.349345 
-0.157917 
-0.064092 
0.236709 
0.308785 
0.323625 
0.259304 
0.153286 
0.219369 
-0.041869 
0.054658 
-0.007276 
0.115193 
0.350907 
-0.051535 
0.010697 
0.295141 
0.040991 
0.219368 
-0.103777 
-0.299947 
-0.081919 
0.202029 
0.043864 
0.363955 
0.082671 
0.430393 
0.058473 
0.017355 
0.140780 
0.195665 
0.281089 
0.038851 
0.295642 
-0.336317 
0.319095 
0.101111 
-0.365267 
0.231553 
0.316968 
0.043258 
-0.073245 
0.159315 
-0.227393 
0.140761 
-0.212715 
-0.137087 
0.174854 
0.293550 
0.254142 
0.106933 
0.145254 
-0.057200 
0.179408 
-0.141287 
0.197776 
0.261191 
0.072519 
0.357826 
-0.339969 
0.107066 
0.113012 
0.351847 
-0.097484 
0.090776 
0.261314 
0.032444 
-0.102995 
-0.281125 
0.169734 
0.102257 
0.265634 
0.089067 
-0.112166 
0.183820 
0.156818 
-0.127431 
-0.306991 
0.014939 
-0.125245 
-0.105983 
-0.177810 
0.505952 
0.164749 
0.021191 
0.073023 
-0.419771 
0.212116 
0.187050 
0.064976 
0.251402 
0.056227 
0.334327 
-0.036042 
0.177403 
0.072792 
0.065848 
-0.056893 
0.049704 
-0.240244 
-0.128114 
0.412399 
-0.092785 
0.189430 
-0.373553 
0.278555 
0.089262 
0.350434 
0.122787 
0.081329 
0.306924 
0.058481 
0.455037 
-0.023343 
0.060861 
-0.005702 
0.346833 
-0.022424 
-0.031887 
0.149813 
-0.105915 
-0.224678 
-0.216398 
0.052237 
-0.004232 
-0.091015 
-0.273095 
-0.102781 
0.318787 
-0.120774 
0.526826 
-0.083416 
-0.288932 
-0.299593 
0.020154 
0.186306 
-0.023883 
-0.369488 
0.108594 
0.024550 
0.093434 
0.076680 
-0.279875 
-0.151083 
-0.121795 
0.112776 
0.403611 
-0.283268 
-0.309272 
0.041613 
0.003706 
-0.041359 
-0.092111 
-0.089826 
-0.183113 
-0.265163 
-0.222174 
0.043771 
-0.285732 
0.175061 
-0.229489 
-0.352633 
-0.275711 
0.144659 
0.021187 
-0.134503 
-0.059413 
0.470019 
0.011804 
-0.267723 
-0.155333 
0.080827 
0.042891 
0.391815 
0.089573 
0.254177 
0.054399 
0.034434 
-0.514960 
-0.276593 
-0.265393 
-0.148333 
-0.110363 
0.157996 
-0.261045 
-0.106481 
0.129882 
-0.344537 
-0.474079 
0.097202 
-0.143115 
0.131446 
0.367778 
-0.260020 
-0.149950 
-0.240861 
-0.405573 
-0.098118 
0.012925 
0.252210 
-0.050739 
-0.047544 
0.039193 
0.233835 
0.162512 
0.190615 
0.065023 
0.191973 
0.108307 
0.146787 
-0.268732 
0.322543 
-0.119303 
0.199561 
-0.006423 
0.197780 
0.151423 
-0.228121 
-0.020753 
-0.373425 
0.486656 
-0.344509 
-0.155702 
-0.336146 
-0.001417 
-0.084259 
0.195607 
0.271915 
-0.464334 
0.068185 
-0.284206 
0.003162 
-0.071653 
0.001160 
0.072285 
-0.085013 
0.139389 
-0.524248 
0.420286 
-0.319047 
0.277227 
0.079081 
0.326354 
0.201714 
0.153951 
0.323128 
-0.001271 
0.262781 
-0.072180 
0.017423 
0.038238 
0.112149 
0.245624 
0.104033 
-0.260067 
-0.301844 
0.144833 
-0.380871 
0.212538 
0.101591 
0.186264 
-0.092564 
0.076443 
0.096670 
-0.213219 
0.028787 
-0.426714 
-0.016988 
-0.056496 
0.004698 
-0.024440 
0.082515 
0.117350 
0.061917 
-0.131781 
-0.651195 
-0.288798 
-0.115748 
-0.094178 
-0.002579 
0.332237 
0.162130 
0.108777 
0.445727 
-0.170063 
0.204226 
0.373548 
0.455825 
0.040010 
-0.125812 
-0.048131 
-0.005571 
-0.144736 
-0.394537 
-0.056404 
0.318432 
0.142585 
-0.522197 
-0.114167 
0.157130 
0.043938 
0.003614 
-0.440134 
0.011273 
0.036107 
-0.232703 
-0.081761 
-0.050429 
0.147464 
-0.039120 
-0.037627 
-0.594949 
-0.180760 
0.032918 
-0.166637 
-0.175670 
0.218961 
0.103362 
0.304248 
0.310034 
-0.308888 
0.260721 
0.215998 
0.046038 
-0.078260 
0.002015 
0.260895 
0.275807 
0.123624 
0.058101 
0.173780 
-0.077722 
-0.271972 
-0.069388 
0.180854 
0.162898 
0.133245 
0.204160 
-0.221315 
0.040188 
0.076799 
-0.023599 
0.050838 
-0.195268 
0.065563 
0.035864 
0.066959 
-0.051862 
0.110050 
0.139781 
-0.015409 
-0.005534 
-0.224549 
-0.096794 
0.073830 
-0.029260 
0.273747 
-0.158204 
0.054914 
0.121891 
-0.100391 
0.286918 
0.135944 
-0.316045 
0.174683 
-0.114872 
-0.126210 
-0.095452 
0.082734 
0.249430 
-0.336579 
0.204987 
0.242752 
-0.018436 
0.179536 
-0.153764 
-0.140085 
0.019440 
-0.142338 
0.116720 
0.271286 
0.027126 
-0.243790 
-0.443849 
-0.246446 
-0.063397 
0.007881 
0.134158 
-0.262600 
-0.238831 
-0.083492 
0.164646 
-0.130951 
-0.116727 
-0.321498 
-0.226977 
-0.105970 
-0.148378 
-0.001856 
-0.126915 
-0.130651 
0.390813 
0.134140 
-0.424399 
-0.190914 
0.023424 
0.146434 
-0.317859 
0.217147 
0.190229 
0.231900 
0.092054 
0.121903 
-0.104889 
0.006658 
0.073745 
-0.232019 
0.049944 
-0.101424 
0.325728 
0.047206 
-0.221343 
-0.403840 
0.197116 
-0.028507 
0.202279 
-0.008515 
0.223028 
-0.261904 
0.327312 
0.054946 
0.429122 
0.378625 
0.004788 
0.252734 
-0.276741 
0.144914 
0.064165 
0.026668 
-0.023713 
-0.144779 
-0.163602 
-0.053609 
0.043640 
-0.114005 
0.051574 
-0.267918 
0.176625 
-0.266248 
-0.053470 
0.226883 
0.220347 
-0.158664 
-0.256125 
0.059032 
-0.101187 
0.063132 
-0.256988 
0.049243 
0.046786 
0.170095 
0.389428 
-0.254867 
-0.117438 
0.072645 
0.028398 
-0.177075 
0.072902 
-0.140414 
0.130439 
0.121590 
-0.261242 
0.080554 
-0.094429 
0.430346 
-0.143074 
0.231212 
0.138334 
-0.383752 
0.266821 
-0.272612 
0.200335 
-0.147455 
-0.108912 
-0.135487 
0.141176 
-0.417762 
-0.018825 
0.198119 
-0.266938 
0.231039 
-0.349713 
-0.025734 
-0.045740 
0.392117 
0.194907 
0.077845 
-0.008893 
-0.175422 
0.067919 
0.215126 
0.250162 
-0.252176 
-0.055913 
0.233391 
0.018588 
0.046889 
-0.319549 
0.039485 
-0.148919 
-0.088948 
0.177222 
0.128418 
0.306359 
-0.066361 
0.128071 
-0.010657 
-0.148575 
-0.045146 
0.067941 
-0.023676 
0.014002 
0.275370 
-0.193259 
-0.150901 
-0.081484 
-0.179243 
-0.012198 
-0.116817 
-0.022952 
-0.120139 
0.069534 
0.139668 
-0.069203 
-0.025247 
-0.026735 
0.094911 
-0.006038 
0.307247 
-0.081217 
0.499476 
-0.005654 
0.072952 
0.144940 
0.168152 
-0.017929 
-0.007291 
-0.011090 
-0.191119 
-0.284651 
-0.116620 
-0.183111 
-0.083676 
-0.109950 
-0.144591 
-0.254132 
0.262399 
0.006049 
0.068397 
0.004283 
-0.391514 
-0.370889 
-0.264467 
-0.421861 
-0.230893 
-0.184240 
-0.199415 
-0.057401 
0.304131 
0.110775 
0.003689 
0.232409 
0.567999 
0.051425 
0.172853 
0.119004 
0.166944 
0.169702 
-0.004101 
0.155749 
0.315421 
-0.245762 
-0.062714 
-0.032186 
-0.125556 
0.246125 
0.471157 
-0.048253 
-0.151379 
-0.076843 
-0.363653 
-0.335314 
-0.055915 
-0.064940 
0.414695 
-0.199463 
-0.232705 
-0.054240 
0.110030 
-0.286501 
-0.280889 
0.117264 
0.192531 
-0.058797 
-0.137738 
-0.236878 
-0.112711 
0.228175 
-0.032157 
-0.116801 
-0.055588 
0.048928 
0.227961 
-0.001705 
0.222508 
0.163885 
0.113825 
0.075771 
0.029422 
0.303106 
-0.024342 
0.012044 
-0.279602 
-0.137249 
0.134526 
0.163899 
0.397239 
-0.083573 
-0.066692 
0.166196 
-0.075791 
-0.569700 
-0.035695 
0.431268 
-0.188365 
-0.133432 
0.010688 
0.109095 
0.030357 
-0.460012 
0.117702 
-0.182939 
-0.351062 
0.177466 
0.201924 
0.636966 
0.463820 
-0.139950 
0.020279 
0.205714 
0.012602 
0.128147 
0.102834 
0.247930 
0.208578 
-0.250283 
-0.304414 
0.148848 
-0.042186 
-0.196080 
-0.096881 
-0.030354 
0.288236 
-0.088507 
0.313703 
-0.154471 
-0.054683 
0.139360 
0.038199 
0.363311 
0.135591 
-0.157643 
-0.145080 
-0.215350 
-0.111880 
0.140836 
-0.223694 
-0.009073 
0.114694 
0.180633 
-0.035567 
0.398518 
-0.163760 
-0.056654 
-0.093913 
0.093410 
0.184870 
-0.154258 
0.211730 
0.087045 
-0.009536 
-0.252606 
-0.018732 
0.062383 
-0.346903 
0.012400 
-0.011579 
-0.136571 
-0.309091 
0.401976 
-0.248394 
0.306376 
-0.058637 
-0.171507 
-0.160340 
-0.298730 
0.211823 
0.058298 
0.370812 
0.284024 
0.013318 
-0.147490 
-0.202661 
0.225009 
0.004610 
0.217905 
-0.039243 
-0.164438 
0.020592 
0.252228 
-0.117732 
-0.186465 
0.139076 
-0.173254 
0.309163 
0.226878 
-0.469314 
-0.084966 
0.523488 
0.112395 
-0.044139 
-0.055037 
0.076472 
0.153773 
-0.216024 
0.260495 
0.043692 
0.078449 
-0.235805 
0.051165 
-0.019261 
-0.194717 
-0.066975 
-0.083260 
-0.007673 
-0.153210 
0.002833 
-0.069786 
-0.026834 
-0.070624 
0.182188 
0.069934 
-0.267032 
-0.195510 
0.214802 
0.402711 
0.293566 
-0.212652 
-0.181122 
-0.194559 
-0.000981 
-0.260088 
0.134418 
-0.048567 
0.143591 
0.051299 
0.037757 
0.066009 
0.067807 
0.047617 
0.039764 
0.077823 
0.092818 
0.102994 
0.203062 
0.064205 
-0.095321 
0.139409 
0.104000 
-0.042424 
-0.004037 
0.112767 
-0.133173 
0.139157 
-0.041809 
0.027175 
0.021871 
0.116100 
-0.062968 
-0.100323 
-0.060443 
0.133967 
-0.023448 
0.165493 
0.138018 
0.164389 
-0.043644 
0.058550 
0.060294 
0.071145 
-0.436503 
-0.041781 
0.106628 
-0.086385 
0.108955 
0.148210 
0.382137 
-0.227546 
0.275195 
-0.196601 
0.076550 
-0.370041 
-0.032468 
0.053192 
-0.099500 
-0.053535 
0.114671 
0.187587 
-0.132068 
-0.073797 
0.167513 
0.129970 
0.243598 
-0.107017 
-0.055290 
0.019016 
0.022300 
-0.104271 
0.181583 
0.101031 
-0.118277 
-0.015589 
0.295798 
-0.086315 
0.052990 
-0.089558 
-0.067095 
0.088809 
-0.047560 
0.077373 
0.209203 
-0.156410 
-0.066379 
0.078087 
0.096047 
0.081565 
-0.061718 
0.404298 
-0.365500 
-0.273411 
0.054595 
0.108575 
0.132999 
0.293209 
0.438585 
0.240179 
-0.112128 
0.037931 
0.125763 
0.195707 
0.560842 
-0.098717 
-0.203275 
0.041795 
-0.188327 
0.170793 
0.363578 
0.610820 
0.039867 
0.125492 
-0.099397 
-0.330709 
-0.073956 
0.295159 
0.179353 
-0.080971 
-0.047590 
-0.294635 
0.266129 
-0.185408 
-0.011360 
0.164781 
-0.104305 
0.066162 
0.482568 
0.108717 
-0.019546 
0.051460 
-0.032722 
-0.287239 
0.152420 
0.088518 
-0.139964 
-0.079836 
0.209659 
0.100061 
0.310927 
-0.078861 
0.341023 
-0.202563 
-0.224155 
0.166643 
0.296618 
0.417147 
0.411947 
0.195332 
0.388318 
0.272378 
-0.078494 
0.114359 
-0.014508 
-0.214386 
-0.321952 
-0.062989 
-0.001641 
0.033693 
0.301734 
0.035326 
-0.116855 
0.134826 
-0.076839 
-0.315527 
-0.009066 
-0.003924 
0.472994 
0.076418 
0.003978 
-0.047384 
0.047427 
0.107118 
0.135583 
0.005223 
-0.178618 
0.279028 
-0.078177 
0.119297 
0.111573 
0.128206 
-0.102012 
-0.029611 
0.412768 
0.143415 
0.199927 
0.354323 
0.028908 
0.043280 
-0.095815 
0.113150 
-0.117988 
0.149498 
-0.157747 
0.295042 
-0.134193 
-0.096222 
-0.306808 
-0.168178 
-0.157890 
-0.288308 
-0.102823 
-0.273694 
-0.056950 
-0.005564 
-0.061974 
-0.008887 
0.180363 
0.186892 
0.096866 
-0.232037 
0.051945 
0.224984 
-0.002789 
-0.110209 
0.208949 
-0.034761 
0.127108 
-0.045323 
-0.179111 
-0.017961 
0.199281 
-0.326183 
-0.102793 
-0.077298 
0.161153 
0.146869 
0.084824 
-0.027189 
-0.502142 
0.019568 
0.059651 
0.022902 
0.172428 
0.255356 
0.084165 
-0.217336 
-0.160516 
-0.242980 
-0.062277 
-0.014397 
-0.090691 
-0.127862 
-0.124786 
-0.095071 
0.016940 
-0.139078 
0.128747 
0.022073 
0.041925 
-0.106966 
-0.121933 
-0.033193 
-0.314760 
-0.292180 
-0.287279 
-0.274366 
-0.200586 
-0.046936 
-0.095649 
0.046324 
0.163185 
0.203232 
0.087128 
0.592109 
0.130033 
-0.012845 
-0.090713 
-0.063141 
0.073155 
-0.012456 
0.122773 
-0.145065 
0.218676 
-0.142155 
0.276328 
0.145982 
0.048801 
-0.141144 
-0.226297 
-0.114734 
-0.026598 
0.031574 
-0.142635 
-0.286377 
0.090066 
0.171195 
0.012218 
0.030712 
-0.016640 
-0.152911 
-0.133273 
0.241968 
-0.254203 
0.032838 
0.146766 
0.073396 
0.094812 
0.353116 
-0.045876 
0.177439 
-0.048971 
0.058700 
-0.029791 
-0.043983 
0.088472 
-0.127501 
-0.188473 
0.016003 
0.189137 
0.394293 
0.147678 
-0.264017 
0.065682 
0.095398 
-0.174529 
0.058450 
0.022999 
-0.048396 
-0.035730 
-0.101923 
0.394520 
0.259612 
-0.275659 
0.134034 
0.073381 
0.046876 
-0.189203 
-0.079286 
0.032039 
0.024370 
0.174929 
0.003457 
0.188324 
-0.128730 
-0.059192 
0.109274 
0.257296 
0.028294 
-0.097181 
0.084614 
0.064183 
0.293985 
0.082104 
0.091953 
0.004742 
0.078111 
0.340152 
0.373436 
-0.014094 
0.106318 
-0.008588 
-0.147808 
-0.073324 
-0.341244 
-0.106713 
-0.216459 
-0.075562 
0.074271 
-0.145493 
-0.049851 
-0.015565 
0.004315 
0.017876 
0.036231 
0.018669 
-0.364252 
0.159506 
0.031582 
0.118389 
-0.126392 
0.025184 
-0.191414 
-0.158640 
0.139772 
-0.049284 
-0.163448 
0.031604 
-0.239283 
-0.124091 
-0.039684 
0.033953 
0.484433 
0.348258 
0.032806 
0.204153 
0.058599 
0.302046 
-0.059448 
0.143164 
-0.068457 
0.146396 
0.214516 
0.358139 
-0.265301 
0.266870 
0.288520 
0.215749 
0.142845 
0.181409 
0.186114 
0.391177 
0.254469 
-0.312622 
0.012897 
0.010027 
-0.406910 
0.099312 
-0.126854 
0.145875 
0.259108 
0.181268 
-0.132669 
0.009025 
0.101124 
-0.002073 
0.618518 
-0.003328 
0.044538 
0.124552 
-0.195207 
-0.284264 
0.165456 
0.233294 
0.085147 
-0.077916 
-0.163449 
-0.121796 
0.161430 
0.165635 
-0.041401 
0.020932 
0.255724 
0.103883 
0.139633 
0.019999 
-0.038139 
-0.106244 
0.047516 
0.223660 
-0.028298 
-0.238964 
-0.173744 
0.030068 
-0.165330 
0.021343 
0.183309 
0.090292 
-0.071153 
-0.065333 
0.008958 
-0.051100 
0.073596 
-0.077051 
0.238554 
-0.177617 
0.009885 
0.164617 
-0.134078 
0.263006 
-0.030201 
-0.071718 
0.140893 
-0.315857 
0.154773 
0.077332 
0.218942 
-0.054880 
0.197569 
0.175575 
0.006450 
0.165892 
-0.144777 
0.258731 
-0.187140 
-0.054965 
0.029343 
0.106363 
-0.050745 
-0.230086 
0.181941 
-0.126099 
0.214576 
-0.018610 
0.116610 
0.047749 
-0.220499 
-0.152786 
-0.010218 
-0.012237 
0.151961 
0.037496 
0.048025 
0.327432 
0.180495 
0.084651 
-0.043915 
-0.181080 
0.072282 
-0.452155 
-0.154701 
0.122319 
-0.249677 
-0.073331 
0.324844 
0.123492 
-0.183124 
0.193232 
0.343569 
0.126473 
0.068254 
-0.026846 
0.215031 
0.189241 
0.310753 
-0.024151 
0.167455 
-0.010477 
0.030556 
-0.287916 
-0.124145 
-0.004762 
0.088008 
0.059916 
0.123923 
0.286719 
0.157285 
0.102025 
0.226952 
0.170343 
0.208531 
-0.279809 
0.149070 
-0.171102 
-0.010825 
-0.416259 
-0.140949 
-0.096206 
-0.087576 
-0.177770 
0.067420 
0.060948 
-0.120873 
-0.196397 
-0.232220 
0.171092 
-0.146500 
0.176109 
0.023771 
-0.425478 
0.398723 
0.183407 
0.046978 
-0.091365 
-0.029482 
-0.097314 
0.190352 
0.115492 
-0.304087 
0.089508 
0.017363 
-0.284452 
-0.249738 
-0.043267 
0.325462 
-0.166582 
0.040879 
-0.062363 
-0.144951 
-0.130169 
-0.071893 
0.061245 
0.234571 
-0.051995 
0.209393 
-0.008623 
-0.055922 
-0.149288 
-0.099921 
-0.002717 
-0.369445 
0.189391 
-0.051950 
0.263887 
-0.211962 
0.097876 
0.547252 
0.144983 
0.379576 
0.133222 
0.145445 
0.302271 
0.514775 
-0.050203 
-0.206885 
-0.060079 
-0.398135 
0.122794 
0.121607 
0.100077 
0.130209 
0.387872 
-0.328619 
-0.083163 
-0.027939 
0.167014 
-0.117409 
-0.307034 
0.022198 
-0.122597 
0.120582 
-0.203698 
0.197042 
0.123610 
-0.137258 
-0.205118 
-0.049248 
0.001569 
-0.188485 
-0.002998 
0.161634 
0.108547 
-0.146622 
-0.063348 
-0.037497 
0.155595 
-0.302116 
0.098419 
0.062113 
0.123014 
0.086877 
0.055405 
0.059689 
-0.396510 
-0.072958 
-0.155038 
-0.143846 
0.071675 
-0.047090 
0.134804 
-0.164708 
0.223206 
-0.057581 
0.023843 
0.052191 
0.226023 
-0.155164 
0.055904 
0.092921 
0.036132 
0.177311 
0.155444 
0.190450 
0.322942 
0.223262 
0.114755 
0.113890 
-0.021031 
0.156984 
0.433093 
-0.122859 
0.687727 
-0.257739 
-0.230413 
-0.177207 
0.069095 
-0.020053 
0.128300 
0.337223 
0.159322 
0.229581 
-0.192286 
0.109555 
0.221011 
-0.135815 
0.046633 
-0.190423 
-0.025934 
-0.235784 
0.098731 
0.179632 
0.538043 
0.226429 
0.174027 
-0.104220 
0.150721 
-0.036298 
-0.326370 
0.366282 
0.143112 
0.178180 
0.232503 
0.207223 
0.215987 
-0.094100 
-0.264898 
-0.140388 
0.010341 
-0.314778 
0.204662 
0.125595 
-0.045356 
-0.023007 
0.146786 
-0.260747 
-0.289153 
0.195099 
-0.047014 
-0.083516 
0.113764 
0.137100 
0.099150 
0.313024 
0.100822 
0.207449 
0.201322 
0.031063 
-0.061559 
0.042076 
0.215833 
0.050463 
0.089787 
-0.022761 
0.391975 
0.311485 
0.049356 
-0.104014 
-0.112562 
0.230459 
0.107200 
0.132083 
-0.051333 
-0.018090 
0.037643 
-0.078888 
-0.180134 
-0.013279 
0.009361 
0.047876 
-0.081479 
0.296319 
0.273125 
0.029896 
0.000206 
-0.234775 
0.250128 
0.100467 
0.151072 
-0.040368 
-0.342880 
0.016355 
0.302543 
-0.069348 
-0.339642 
-0.328004 
0.045238 
0.031241 
0.011695 
0.022814 
-0.206446 
0.294017 
0.411366 
0.073389 
-0.030436 
0.213759 
-0.155193 
-0.110822 
-0.167257 
-0.230231 
-0.139343 
-0.337129 
-0.122903 
0.098410 
0.029159 
0.136418 
-0.012930 
-0.388481 
-0.198889 
-0.108690 
0.009201 
-0.202760 
-0.114385 
-0.028885 
-0.275085 
0.058875 
-0.043731 
-0.263631 
-0.592301 
-0.328153 
0.063781 
0.117865 
-0.150285 
-0.024656 
0.299495 
-0.158361 
0.097402 
0.223016 
-0.023710 
-0.136147 
-0.260253 
0.147114 
-0.047207 
-0.070929 
-0.480285 
0.185788 
-0.316016 
0.206117 
-0.007110 
0.153388 
-0.132348 
-0.154767 
-0.233806 
-0.355049 
0.090981 
-0.433736 
0.080527 
-0.277448 
-0.165272 
-0.110228 
-0.305146 
0.286376 
-0.075439 
0.164289 
-0.405450 
-0.013130 
-0.107207 
-0.047922 
-0.361115 
-0.101047 
0.453481 
-0.004377 
0.426756 
-0.159782 
-0.042310 
0.204353 
0.355925 
-0.135370 
0.008177 
0.292800 
-0.153654 
-0.108489 
0.041529 
0.204124 
0.071791 
0.238548 
0.008303 
-0.263835 
0.244087 
0.077609 
-0.176403 
0.092156 
-0.289144 
-0.337447 
0.152988 
-0.217463 
-0.120605 
0.149200 
-0.128074 
0.234140 
-0.047983 
-0.005936 
0.291961 
0.225138 
-0.270422 
0.147417 
-0.087260 
-0.328637 
-0.321996 
-0.054744 
-0.011512 
-0.022076 
0.455227 
0.006847 
0.093679 
0.120617 
0.107195 
-0.069573 
-0.032044 
0.224614 
-0.041738 
0.207419 
0.036341 
-0.033807 
0.032022 
-0.230292 
-0.189591 
0.356335 
0.038118 
0.000966 
0.475137 
-0.066792
-6.071246
